0.5067180124823448	0.0
0.5035310308195613	0.0
0.5093496867341888	0.0
0.500199186353924	0.0
0.505655685261417	0.0
0.4959015898692613	0.0
0.4960343807718773	0.0
0.4721078745005251	0.0
0.45368615473761725	0.0
0.47454639834856405	0.0
0.45658341079469317	0.0
0.5153011335514324	0.0
0.5045209266390622	0.0
0.47490855535569854	0.0004899559039686428
0.4823810616029069	0.0
0.49200236609244663	0.0
0.5097601313422746	0.0
0.5113174064729529	0.0
0.5022876250950662	0.0
0.5118123543827033	0.0
0.5111604717698613	0.0
0.5041949853326412	0.0
0.5286526552144573	0.0
0.528737158516122	0.0
0.5314533360696307	0.0
0.5333244806064923	0.0
0.5333848401076814	0.0
0.522363195190555	0.0
0.5077561959027971	0.0
0.5363303837657085	0.0
0.5216509530765238	0.0
0.5238238951193307	0.0
0.5277110469959077	0.0
0.493620000724314	0.0
0.5340487946207613	0.0
0.533940147518621	0.0
0.512886753503869	0.0004899559039686428
0.5094341900358536	0.0
0.5304755121503676	0.0
0.53886548281565	0.0
0.4987988459263373	0.0
0.5013339449762787	0.0
0.5246085686347888	0.0
0.5201661093472724	0.0
0.5305237997513188	0.0
0.5167859772806838	0.0
0.5097239156415612	0.0
0.5179086640028007	0.0
0.5403503265449014	0.0039196472317491425
0.5513116119608388	0.0
0.5484264278040006	0.0039196472317491425
0.5197073771382353	0.0
0.5587237587068581	0.0
0.5629127080893803	0.0
0.5393362869249249	0.0
0.5582167388968697	0.0
0.5643371923174427	0.002449779519843214
0.5624660477805812	0.0
0.5672223764742809	0.0
0.557142339775704	0.0
0.571616548160846	0.0
0.5672344483745186	0.0019598236158745713
0.5607759817472868	0.0
0.569190096213045	0.0
0.5744775885172085	0.0
0.5834228665934305	0.0
0.572401221676304	0.0
0.565170153433852	0.002939735423811857
0.5759986479471734	0.0
0.5618624527686903	0.0
0.5673793111773724	0.007349338559529643
0.5728840976858167	0.0014698677119059284
0.5713388944553762	0.0
0.57214771177131	0.0
0.5705542209399181	0.0039196472317491425
0.5619590279705928	0.0
0.5628523485881912	0.0
0.5621280345739222	0.0
0.568260559894733	0.0
0.5684778540990137	0.004899559039686428
0.5713147506549006	0.0039196472317491425
0.5698057631251735	0.0
0.5640957543126863	0.0
0.5658341079469319	0.002204801567858893
0.5757330661419414	0.0
0.580887767543489	0.0
0.5863563383512199	0.0
0.5827226963796371	0.0
0.5754674843367095	0.0036746692797648213
0.5784371717952123	0.005879470847623714
0.5844248343131693	0.0039196472317491425
0.5874307374723855	0.0039196472317491425
0.5815155063558555	0.0
0.5790890544080544	0.0
0.5602327462365851	0.009309162175404213
0.5763849487547835	0.0
0.5790528387073409	0.0
0.5889517969023504	0.0
0.5859338218428963	0.0039196472317491425
0.5843886186124558	0.0039196472317491425
0.5788476164032981	0.0039196472317491425
0.5791373420090057	0.0039196472317491425
0.5697212598235089	0.004899559039686428
0.5718942018663158	0.004899559039686428
0.5690210896097154	0.0039196472317491425
0.5744655166169707	0.0
0.5827589120803506	0.0
0.5812740683510992	0.0
0.5751777587310019	0.0
0.5736687712012748	0.005879470847623714
0.5712785349541871	0.0039196472317491425
0.5771816941704794	0.0
0.5746586670207757	0.0
0.5819863104651303	0.0
0.5793546362132863	0.005634492895639392
0.5769523280659609	0.0034296913277804997
0.5830365657858203	0.005634492895639392
0.5634800874005578	0.0
0.5887465745983075	0.0034296913277804997
0.5760590074483625	0.0
0.5847628475198281	0.0
0.5835073698950952	0.0
0.5916559025556213	0.006859382655560999
0.588589639895216	0.0
0.5819500947644168	0.0
0.58016345352922	0.0
0.592066347163707	0.0031847133757961785
0.5878894696814225	0.0039196472317491425
0.5826502649782103	0.006124448799608035
0.5858372466409938	0.0039196472317491425
0.5785941064983039	0.0039196472317491425
0.5832176442893876	0.0039196472317491425
0.5707473713437232	0.0039196472317491425
0.5719062737665536	0.0039196472317491425
0.5720390646691695	0.0
0.5777128577809433	0.0
0.5807911923415865	0.0
0.5699989135289786	0.005879470847623714
0.5741395753105496	0.005879470847623714
0.5721959993722612	0.0
0.5750691116288615	0.0
0.5771575503700037	0.0
0.5743568695148303	0.0
0.570626652341345	0.0
0.5661359054528773	0.0
0.5638422444076923	0.0
0.5682122722937818	0.0
0.5622849692770139	0.005879470847623714
0.5642285452153023	0.005879470847623714
0.5687313640040079	0.0
0.5677293962842691	0.0
0.5734876926977075	0.0
0.5713544118889814	0.0019598236158745713
0.562469064261828	0.0019598236158745713
0.568984873909002	0.0019598236158745713
0.5718579861656023	0.0
0.5684657821987759	0.0
0.5555247051438367	0.0019598236158745713
0.5615244395620315	0.0019598236158745713
0.5868754300614459	0.005879470847623714
0.5862476912490795	0.0019598236158745713
0.5696367565218441	0.0019598236158745713
0.5716424216816564	0.0019598236158745713
0.5742844381134035	0.0
0.5759382884459843	0.0
0.5693124886823203	0.005879470847623714
0.5772661974721441	0.007839294463498285
0.5714475415575165	0.01567858892699657
0.5873100184700074	0.009064184223419891
0.5788596883035358	0.007839294463498285
0.5911730265461086	0.0019598236158745713
0.5920422033632314	0.0019598236158745713
0.5948911718193561	0.0019598236158745713
0.5848111351207793	0.002449779519843214
0.5887707183987831	0.008329250367466928
0.5826864806789237	0.010534051935325821
0.5919818438620423	0.011758941695247428
0.5844731219141205	0.011758941695247428
0.6094619554064005	0.013718765311121999
0.5885292803940269	0.012983831455169036
0.5934666875912937	0.011024007839294463
0.6032690705844007	0.005879470847623714
0.5847628475198281	0.005879470847623714
0.5897243985175706	0.007104360607545321
0.5867667829593056	0.005879470847623714
0.5921749942658474	0.009799118079372856
0.5968226758574067	0.009309162175404213
0.5939254198003308	0.009309162175404213
0.5952774726269662	0.013228809407153356
0.5966898849547907	0.010044096031357178
0.6010599128408802	0.008084272415482607
0.5994784939097263	0.004164625183733464
0.6096188901094921	0.004164625183733464
0.6301531924140179	0.004164625183733464
0.6204232408223378	0.0034296913277804997
0.6584497265714596	0.009554140127388535
0.6504581286140252	0.010534051935325821
0.681905428733537	0.008329250367466928
0.708801622463392	0.0171484566389025
0.7010152468100004	0.01592356687898089
0.7055663531996571	0.021313081822635964
0.7042988036746864	0.018618324350808426
0.7151514419884835	0.023517883390494855
0.7161171940075087	0.023517883390494855
0.7131957941499572	0.02082312591866732
0.7147772130811111	0.023272905438510533
0.7220686408247522	0.01910828025477707
0.7233241184494852	0.01567858892699657
0.718000410444608	0.015188633023027927
0.7144874874754035	0.01739343459088682
0.7222617912285573	0.027437530622243998
0.7242657266680348	0.0171484566389025
0.7245675241739802	0.019843214110730034
0.7294204280695824	0.024987751102400785
0.7260040803022804	0.02082312591866732
0.7259129594977968	0.018373346398824104
0.7334403708487753	0.01935325820676139
0.7312312131052549	0.023517883390494855
0.718471214553883	0.018618324350808426
0.7290703429626858	0.021068103870651642
0.7372728918935233	0.01567858892699657
0.7324384031290365	0.0171484566389025
0.730434467689559	0.0171484566389025
0.7286598983546	0.01935325820676139
0.7341461942415646	0.025232729054385106
0.7289979115612588	0.024987751102400785
0.728394316549368	0.023272905438510533
0.7266318191146468	0.024987751102400785
0.7309294155993095	0.017638412542871143
0.7345147699699409	0.01910828025477707
0.734913142677789	0.01910828025477707
0.7346717046730326	0.021803037726604607
0.7343699071670872	0.018618324350808426
0.735371874886826	0.025232729054385106
0.7424942960271377	0.023517883390494855
0.736941221917742	0.01935325820676139
0.735758175694436	0.023762861342479177
0.7297342974757657	0.025232729054385106
0.7348222369771232	0.023762861342479177
0.7363859145068025	0.01739343459088682
0.7369590149091567	0.018373346398824104
0.7339715344592392	0.020578147966683
0.738921013556744	0.016413522782949535
0.7437618455521083	0.023272905438510533
0.7373631282218439	0.02572268495835375
0.7339353187585258	0.023272905438510533
0.7375448169296329	0.02645761881430671
0.7387399350531767	0.01935325820676139
0.7392165147582543	0.01935325820676139
0.7311095819299072	0.02645761881430671
0.7328294962031123	0.024742773150416463
0.7378276249230361	0.023517883390494855
0.7191148241600367	0.026702596766291033
0.7294129009670293	0.023762861342479177
0.7313157164069196	0.025477707006369428
0.7350097178796915	0.020578147966683
0.7454093274257223	0.021068103870651642
0.7385399186294986	0.020333170014698677
0.7351361139614897	0.019598236158745713
0.7298847105692038	0.024987751102400785
0.7237399649906441	0.020333170014698677
0.7371096060748735	0.027437530622243998
0.7408578913691733	0.02768250857422832
0.7381898081636102	0.02425281724644782
0.7369463123709722	0.027192552670259676
0.7418478588934094	0.025477707006369428
0.7406647269742005	0.02572268495835375
0.7288092622327389	0.027437530622243998
0.7350572839327322	0.026702596766291033
0.7368135118494283	0.028417442430181284
0.735400997211189	0.02253797158255757
0.7408583328303253	0.02572268495835375
0.7446310223692312	0.025232729054385106
0.741944441090896	0.027437530622243998
0.7328777873018556	0.027437530622243998
0.743682920645652	0.02645761881430671
0.7455300551725803	0.02645761881430671
0.7440995738413434	0.026702596766291033
0.739778118473629	0.0240078392944635
0.7422890737230947	0.023762861342479177
0.7427412442201591	0.025232729054385106
0.737018749019087	0.024742773150416463
0.745988820610641	0.025232729054385106
0.7417633494706088	0.02572268495835375
0.7358959809733071	0.017883390494855465
0.7404957081285992	0.025477707006369428
0.7410148374400889	0.02572268495835375
0.7491156692542648	0.02449779519843214
0.7503712378215885	0.02572268495835375
0.7485965399427751	0.02449779519843214
0.7468459876133332	0.0240078392944635
0.7382984631357825	0.023517883390494855
0.7422824787820985	0.026947574718275354
0.7489707959580351	0.023517883390494855
0.7380328620926948	0.02596766291033807
0.7397230505487076	0.02449779519843214
0.7419927321896391	0.02449779519843214
0.7384433364320122	0.02572268495835375
0.7360046359454794	0.02596766291033807
0.7484999577452885	0.02449779519843214
0.7481981383781434	0.02449779519843214
0.7481257017300286	0.022292993630573247
0.7550675471743671	0.022048015678588925
0.7506609844140478	0.0240078392944635
0.7484275210971738	0.02596766291033807
0.7528582294068645	0.024742773150416463
0.7445642331977158	0.024987751102400785
0.7440330311115404	0.023762861342479177
0.7422341876833553	0.019843214110730034
0.7491398148036363	0.024987751102400785
0.7381656626142387	0.025477707006369428
0.7422945515567843	0.026702596766291033
0.7506006205406188	0.023027927486526212
0.742379060979585	0.02449779519843214
0.7378638432470935	0.02449779519843214
0.7475944996438532	0.02449779519843214
0.7455421279472662	0.026947574718275354
0.7424152793036424	0.020578147966683
0.750902439907764	0.0240078392944635
0.7396143955765354	0.027192552670259676
0.7464475860487015	0.024742773150416463
0.7402421798601972	0.02596766291033807
0.7395540317031063	0.0240078392944635
0.7476548635172822	0.025477707006369428
0.7494174886214099	0.020578147966683
0.7487414132390047	0.027192552670259676
0.7478359551375693	0.0240078392944635
0.7470391520083061	0.018863302302792748
0.7450350714104622	0.0240078392944635
0.7528220110828071	0.0240078392944635
0.7462182033296713	0.024742773150416463
0.7453248180029216	0.0240078392944635
0.741377020680663	0.025232729054385106
0.7455783462713236	0.0240078392944635
0.752894447730922	0.024742773150416463
0.7396506139005927	0.024987751102400785
0.7469304970361338	0.024742773150416463
0.7483309388996873	0.0240078392944635
0.7470391520083061	0.020333170014698677
0.743743284519081	0.02645761881430671
0.7467856237399041	0.025477707006369428
0.7479687556591131	0.024987751102400785
0.7445883787470875	0.025232729054385106
0.7428136808682739	0.025232729054385106
0.7480653378565996	0.02425281724644782
0.74604918448407	0.02449779519843214
0.7454455457497797	0.024987751102400785
0.7427895353189023	0.02425281724644782
0.7395178133790489	0.023517883390494855
0.738890029095387	0.02645761881430671
0.748041192307228	0.02572268495835375
0.7412080018350617	0.02621264086232239
0.7364151102847968	0.02449779519843214
0.7460733300334416	0.023762861342479177
0.7439485216887397	0.024742773150416463
0.7417754222452947	0.024742773150416463
0.7401214521133392	0.02449779519843214
0.7363909647354251	0.020578147966683
0.7409665463413456	0.024987751102400785
0.737767261049607	0.026947574718275354
0.7420893143871256	0.02572268495835375
0.732105129721964	0.02596766291033807
0.7469304970361338	0.024742773150416463
0.7470029336842486	0.02645761881430671
0.7245354999939636	0.02449779519843214
0.7240646617812172	0.025477707006369428
0.741751276695923	0.026702596766291033
0.7394212311815624	0.02425281724644782
0.742499788726443	0.02621264086232239
0.7450833625092055	0.024987751102400785
0.7400248699158528	0.024742773150416463
0.7391073390397315	0.02621264086232239
0.7370308217937729	0.02572268495835375
0.7373084956115464	0.02449779519843214
0.7375016600065193	0.02645761881430671
0.7360167087201651	0.02621264086232239
0.7354492883099323	0.02596766291033807
0.7372481317381173	0.0240078392944635
0.7391435573637889	0.02449779519843214
0.7407854547210585	0.02449779519843214
0.7382984631357825	0.024742773150416463
0.7377431155002354	0.023762861342479177
0.7367531479759993	0.02645761881430671
0.7336262993323756	0.027437530622243998
0.734845649575642	0.025232729054385106
0.7383588270092115	0.02425281724644782
0.7402783981842547	0.02645761881430671
0.7446728881698881	0.025232729054385106
0.7465803865702454	0.023272905438510533
0.7282418418225061	0.02253797158255757
0.7306805423090389	0.024742773150416463
0.7421979693592978	0.021068103870651642
0.7352681966896452	0.021803037726604607
0.7342057925172942	0.02572268495835375
0.7241250256546462	0.023762861342479177
0.7238111335128152	0.022292993630573247
0.7312117443952143	0.02596766291033807
0.7388175924472722	0.024742773150416463
0.7107363185280873	0.02253797158255757
0.7271432193260977	0.02449779519843214
0.7358597626492497	0.024987751102400785
0.7428981902910746	0.02572268495835375
0.7356424527049051	0.02621264086232239
0.7342661563907232	0.026947574718275354
0.7415822578503217	0.028662420382165606
0.7356303799302194	0.026702596766291033
0.7148169163718897	0.02449779519843214
0.7148772802453188	0.02572268495835375
0.7329864422740279	0.02449779519843214
0.7400007243664811	0.02425281724644782
0.723207494778525	0.02645761881430671
0.7262619067740339	0.024987751102400785
0.7257910685612874	0.02621264086232239
0.7350991778440439	0.025477707006369428
0.7382863903610967	0.024987751102400785
0.7221330178314882	0.02572268495835375
0.7278313674831887	0.0240078392944635
0.7329985150487136	0.025477707006369428
0.7254409580953991	0.0240078392944635
0.7413045840325482	0.018373346398824104
0.7195977351474689	0.024987751102400785
0.7370066762444013	0.02645761881430671
0.7262498339993481	0.02792748652621264
0.729243882121428	0.027192552670259676
0.7396264683512211	0.027437530622243998
0.7293887554176577	0.026947574718275354
0.7194166435271818	0.023517883390494855
0.723267858651954	0.0240078392944635
0.7197908995424418	0.024742773150416463
0.7205152660235902	0.0240078392944635
0.7285678067390229	0.022048015678588925
0.7300044669266338	0.02253797158255757
0.7283746423440499	0.023762861342479177
0.721215486955367	0.022292993630573247
0.7322379302435079	0.02621264086232239
0.7325035312865956	0.026702596766291033
0.7397230505487076	0.028662420382165606
0.7333365527399163	0.028907398334149927
0.7293887554176577	0.023027927486526212
0.7289179172049112	0.02768250857422832
0.7168692880684768	0.02449779519843214
0.7377551882749213	0.023272905438510533
0.7309944344508699	0.02645761881430671
0.7155050645289807	0.0240078392944635
0.7259721601815745	0.02596766291033807
0.729050717726455	0.024987751102400785
0.7246562277408217	0.02425281724644782
0.7331554611196291	0.02621264086232239
0.7163863770810446	0.028417442430181284
0.7271552921007836	0.025477707006369428
0.7297267931088602	0.023762861342479177
0.7278917313566177	0.024742773150416463
0.7252719392497978	0.02082312591866732
0.735219905590902	0.0240078392944635
0.7205756298970192	0.029887310142087214
0.718969950863807	0.02645761881430671
0.7374050778090329	0.02596766291033807
0.7236783329912714	0.025232729054385106
0.7229298209607514	0.021803037726604607
0.7187164225954051	0.023762861342479177
0.7430672091366759	0.02596766291033807
0.732044765848535	0.02572268495835375
0.7319723292004201	0.02572268495835375
0.7324673129625382	0.02645761881430671
0.7318636742282478	0.02572268495835375
0.7260325240550035	0.024742773150416463
0.7344955391097536	0.026702596766291033
0.7298233753063467	0.025477707006369428
0.7232316403278966	0.025232729054385106
0.7288334077821106	0.02621264086232239
0.7239560068090449	0.025232729054385106
0.7152153179365214	0.021803037726604607
0.7178351100433412	0.02425281724644782
0.7240042979077882	0.025477707006369428
0.7167485603216187	0.024987751102400785
0.7247648827129939	0.02596766291033807
0.7348335768009562	0.022292993630573247
0.718535330975118	0.02621264086232239
0.7209136675882218	0.021803037726604607
0.7184025304535742	0.021558059774620286
0.7212517052794244	0.026702596766291033
0.7131146551411911	0.027192552670259676
0.7201651555577018	0.02768250857422832
0.7279641680047325	0.025232729054385106
0.7350146684212433	0.02792748652621264
0.7204066110514179	0.02596766291033807
0.7190665330612934	0.02278294953454189
0.7265999444652365	0.02253797158255757
0.7267448177614662	0.025232729054385106
0.7167606330963046	0.025232729054385106
0.7258997235334597	0.026702596766291033
0.7177506006205406	0.025477707006369428
0.7274933297919861	0.02939735423811857
0.722084726732745	0.030132288094071532
0.7186802042713477	0.024987751102400785
0.7190544602866077	0.026947574718275354
0.7166761236735039	0.02645761881430671
0.7210102497857083	0.023272905438510533
0.7164588137291594	0.023027927486526212
0.7123902886600427	0.028662420382165606
0.720648066545134	0.027192552670259676
0.7161811399113859	0.028662420382165606
0.7163501587569872	0.027192552670259676
0.7261049607031184	0.02621264086232239
0.7164105226304162	0.025477707006369428
0.7144064420325723	0.02253797158255757
0.7117262860523234	0.022048015678588925
0.7191751880334657	0.02645761881430671
0.7193562796537528	0.02082312591866732
0.7149980079921768	0.02572268495835375
0.716857215293791	0.023517883390494855
0.7136458572273666	0.023027927486526212
0.7125713802803298	0.018618324350808426
0.7205152660235902	0.023517883390494855
0.7085994374086997	0.02792748652621264
0.7152756818099504	0.022292993630573247
0.7186922770460334	0.023272905438510533
0.7301614129975492	0.021803037726604607
0.7148772802453188	0.023272905438510533
0.7190906786106651	0.024742773150416463
0.7175695090002535	0.02572268495835375
0.713863167171711	0.022048015678588925
0.7105793724571718	0.02425281724644782
0.7136217116779949	0.021313081822635964
0.7255254675181997	0.021313081822635964
0.7177143822964832	0.023027927486526212
0.7280607502022189	0.0240078392944635
0.7194649346259251	0.023027927486526212
0.7133802561842788	0.021068103870651642
0.7183180210307735	0.019598236158745713
0.7202375922058166	0.02082312591866732
0.7241612439787036	0.019843214110730034
0.7093600222139054	0.023027927486526212
0.7086598012821287	0.02449779519843214
0.7057985536815926	0.021803037726604607
0.7175332906761961	0.023762861342479177
0.7158913933189265	0.023762861342479177
0.7113520300370634	0.023272905438510533
0.7120401781941543	0.021313081822635964
0.7078026342794365	0.02253797158255757
0.7177506006205406	0.02278294953454189
0.7140442587919982	0.021558059774620286
0.7090099117480171	0.02253797158255757
0.7154326278808658	0.021313081822635964
0.7126679624778163	0.029887310142087214
0.7179799833395709	0.023027927486526212
0.7097825693279086	0.021558059774620286
0.7248735376851662	0.01910828025477707
0.7137062211007956	0.018373346398824104
0.7159396844176698	0.01935325820676139
0.7151549540630924	0.01910828025477707
0.7111588656420905	0.021558059774620286
0.7098670787507093	0.021803037726604607
0.7106155907812293	0.022048015678588925
0.7108691190496311	0.022292993630573247
0.7124144342094143	0.018618324350808426
0.713863167171711	0.02253797158255757
0.7186198403979187	0.022292993630573247
0.7121005420675834	0.02572268495835375
0.720273810529874	0.021558059774620286
0.7135734205792518	0.019843214110730034
0.7191389697094083	0.020578147966683
0.710072315920368	0.02082312591866732
0.7166519781241323	0.02278294953454189
0.7117745771510666	0.01910828025477707
0.7183180210307735	0.02253797158255757
0.7092875855657906	0.021558059774620286
0.7124868708575292	0.02082312591866732
0.7109294829230602	0.021803037726604607
0.7157465200226968	0.02425281724644782
0.7129456362955898	0.022048015678588925
0.7093479494392196	0.0240078392944635
0.7146720430756601	0.021558059774620286
0.7193079885550095	0.022048015678588925
0.7168209969697336	0.020333170014698677
0.7130060001690188	0.021803037726604607
0.7110743562192898	0.01910828025477707
0.713126727915877	0.023027927486526212
0.7107242457534015	0.022048015678588925
0.7155654284024098	0.020578147966683
0.720901594813536	0.023517883390494855
0.7125351619562724	0.023272905438510533
0.7106155907812293	0.02449779519843214
0.7116538494042086	0.01935325820676139
0.7161932126860716	0.024987751102400785
0.7092996583404764	0.019598236158745713
0.7096739143557363	0.02253797158255757
0.7142857142857143	0.020088192062714356
0.7102775530900267	0.021803037726604607
0.7171831802103077	0.022292993630573247
0.7176781639724258	0.023027927486526212
0.7152636090352645	0.020333170014698677
0.7166399053494464	0.020333170014698677
0.7099274426241383	0.020088192062714356
0.7104827902596854	0.021068103870651642
0.708019944223781	0.019598236158745713
0.7078147070541222	0.021313081822635964
0.7121005420675834	0.021313081822635964
0.7103016986393983	0.02278294953454189
0.7145030242300588	0.023517883390494855
0.7121971242650699	0.021803037726604607
0.7161569943620142	0.023027927486526212
0.7154447006555517	0.023027927486526212
0.7167002692228754	0.020088192062714356
0.710193043667226	0.01910828025477707
0.7204186838261037	0.021558059774620286
0.7193321341043812	0.020333170014698677
0.7061607369221669	0.020333170014698677
0.7088529656771015	0.020578147966683
0.7114003211358066	0.020333170014698677
0.7083096908162403	0.021313081822635964
0.7113520300370634	0.019843214110730034
0.7138752399463969	0.02449779519843214
0.7049534594535862	0.021068103870651642
0.7078992164769229	0.022292993630573247
0.708575291859328	0.021803037726604607
0.701730028612476	0.020088192062714356
0.7056657531600488	0.020333170014698677
0.7072955777426326	0.023517883390494855
0.7052432060460455	0.02082312591866732
0.7084062730137267	0.02278294953454189
0.7170624524634497	0.02253797158255757
0.7063780468665113	0.018863302302792748
0.7066798662336565	0.01935325820676139
0.7083096908162403	0.021068103870651642
0.7080923808718957	0.019598236158745713
0.7114003211358066	0.02082312591866732
0.7060400091753087	0.020088192062714356
0.7107483913027731	0.02253797158255757
0.7091427122695609	0.021803037726604607
0.7060520819499946	0.021068103870651642
0.7069937583754874	0.01935325820676139
0.7015006458934457	0.018618324350808426
0.7052069877219882	0.01935325820676139
0.7031666888000869	0.017883390494855465
0.7076094698844635	0.02082312591866732
0.7118470137991815	0.02253797158255757
0.7063659740918256	0.018128368446839783
0.7101809708925403	0.01739343459088682
0.7056053892866198	0.019843214110730034
0.7062211007955959	0.01910828025477707
0.7008970071591554	0.02082312591866732
0.7145392425541162	0.019598236158745713
0.7026717050379688	0.02082312591866732
0.7065591384867984	0.02253797158255757
0.7031304704760295	0.020578147966683
0.7064504835146261	0.021313081822635964
0.7112795933889485	0.020088192062714356
0.7040600741268366	0.022048015678588925
0.7032391254482018	0.021803037726604607
0.706522920162741	0.023762861342479177
0.703782400309063	0.020578147966683
0.7050017505523294	0.020578147966683
0.7005227511438954	0.017638412542871143
0.7077422704060075	0.020578147966683
0.7045671306636404	0.01935325820676139
0.7043377479446101	0.021313081822635964
0.7040117830280933	0.021558059774620286
0.7092996583404764	0.02449779519843214
0.7005710422426387	0.023762861342479177
0.7009090799338412	0.020578147966683
0.7015972280909322	0.030622243998040175
0.7032270526735159	0.02253797158255757
0.7013074814984728	0.024742773150416463
0.7057381898081636	0.019598236158745713
0.7036495997875192	0.020578147966683
0.6987239077157102	0.02449779519843214
0.7058106264562785	0.019598236158745713
0.7062693918943391	0.019843214110730034
0.7023336673467663	0.020578147966683
0.7003054411995508	0.021313081822635964
0.7063418285424539	0.019843214110730034
0.7023819584455095	0.019598236158745713
0.7029493788557424	0.01910828025477707
0.7052069877219882	0.019598236158745713
0.701416136470645	0.019598236158745713
0.7032994893216308	0.019843214110730034
0.7027079233620263	0.019598236158745713
0.7036858181115766	0.022048015678588925
0.6979874684598761	0.020578147966683
0.7002933684248651	0.02082312591866732
0.7014040636959592	0.02082312591866732
0.6984462338979368	0.01935325820676139
0.6997863118880613	0.019598236158745713
0.7001967862273787	0.019598236158745713
0.7060520819499946	0.01910828025477707
0.7079716531250377	0.021068103870651642
0.7052311332713598	0.019843214110730034
0.7025992683898541	0.01935325820676139
0.7005951877920102	0.020333170014698677
0.7085632190846423	0.020333170014698677
0.7047120039598701	0.01567858892699657
0.7077784887300649	0.018863302302792748
0.7031304704760295	0.02645761881430671
0.7006676244401251	0.021313081822635964
0.7048085861573565	0.023272905438510533
0.6981927056295348	0.02082312591866732
0.7040480013521507	0.020333170014698677
0.7005106783692095	0.02082312591866732
0.703722036435634	0.021068103870651642
0.6999191124096051	0.01910828025477707
0.7008245705110405	0.019598236158745713
0.7023336673467663	0.02082312591866732
0.7067885212058287	0.01935325820676139
0.7035650903647185	0.020578147966683
0.7029976699544856	0.01910828025477707
0.6995448563943452	0.02082312591866732
0.6985428160954232	0.019843214110730034
0.7033839987444315	0.020333170014698677
0.6996535113665173	0.019598236158745713
0.704724076734556	0.018863302302792748
0.7015006458934457	0.02082312591866732
0.6968767731887819	0.020578147966683
0.6992430370271999	0.0171484566389025
0.698434161123251	0.021803037726604607
0.7021525757264793	0.023272905438510533
0.7059675725271939	0.02082312591866732
0.700112276804578	0.016658500734933857
0.7020801390783644	0.01910828025477707
0.6977097946421026	0.021803037726604607
0.6979029590370754	0.019843214110730034
0.7003175139742367	0.019843214110730034
0.6991223092803419	0.02082312591866732
0.6995327836196593	0.020578147966683
0.6989291448853691	0.021313081822635964
0.6997500935640039	0.021313081822635964
0.6999432579589767	0.020578147966683
0.7025992683898541	0.020578147966683
0.6979874684598761	0.014698677119059285
0.6973717569509	0.021803037726604607
0.7045188395648972	0.019598236158745713
0.7045067667902114	0.02082312591866732
0.6996052202677742	0.021068103870651642
0.6969129915128394	0.020578147966683
0.6973959025002716	0.020578147966683
0.7010660260047566	0.021558059774620286
0.7014523547947025	0.020088192062714356
0.6982168511789064	0.01935325820676139
0.6941241805604182	0.021068103870651642
0.697432120824329	0.018128368446839783
0.6983013606017071	0.016413522782949535
0.7020801390783644	0.02253797158255757
0.6987842715891394	0.019843214110730034
0.6995931474930883	0.021313081822635964
0.6982289239535923	0.023272905438510533
0.7029010877569992	0.020088192062714356
0.7022491579239657	0.021068103870651642
0.7002450773261218	0.021313081822635964
0.698059905107991	0.021068103870651642
0.7004986055945238	0.021068103870651642
0.7028407238835701	0.021068103870651642
0.6983496517004503	0.021068103870651642
0.7029010877569992	0.023027927486526212
0.6971544470065555	0.021068103870651642
0.6977943040649033	0.020088192062714356
0.6997500935640039	0.021068103870651642
0.7008970071591554	0.01910828025477707
0.7048206589320424	0.02082312591866732
0.7015127186681315	0.021068103870651642
0.7013195542731586	0.021313081822635964
0.7044826212408398	0.020088192062714356
0.7034443626178605	0.01935325820676139
0.6957057140442587	0.018618324350808426
0.6973717569509	0.021068103870651642
0.6979029590370754	0.020088192062714356
0.6960437517354614	0.019843214110730034
0.7001605679033213	0.021068103870651642
0.700051912931149	0.021558059774620286
0.6977339401914742	0.021558059774620286
0.6997500935640039	0.020578147966683
0.6973838297255859	0.023027927486526212
0.7017783197112192	0.022292993630573247
0.7018628291340199	0.018863302302792748
0.6994362014221729	0.02082312591866732
0.6949813475631105	0.02082312591866732
0.6976494307686736	0.023272905438510533
0.697492484697758	0.022048015678588925
0.6995569291690309	0.018128368446839783
0.6988084171385109	0.021313081822635964
0.6958264417911169	0.018128368446839783
0.6996655841412032	0.020088192062714356
0.695005493112482	0.016658500734933857
0.6980357595586194	0.01910828025477707
0.6941000350110466	0.01910828025477707
0.698554888870109	0.019598236158745713
0.7003416595236083	0.020088192062714356
0.6955125496492859	0.016903478686918178
0.7003416595236083	0.020088192062714356
0.6954159674517995	0.02278294953454189
0.6942690538566478	0.0171484566389025
0.7004623872704664	0.020333170014698677
0.6946312370972221	0.020578147966683
0.6969975009356401	0.021068103870651642
0.6975045574724439	0.017883390494855465
0.6937378517704724	0.018128368446839783
0.6958988784392317	0.0171484566389025
0.6975769941205587	0.017883390494855465
0.6915406067776557	0.018863302302792748
0.6951865847327692	0.0171484566389025
0.6942328355325904	0.017883390494855465
0.6986031799688522	0.018128368446839783
0.6939793072641885	0.01739343459088682
0.6969854281609542	0.01935325820676139
0.6963697166519781	0.01910828025477707
0.6928927575424659	0.020333170014698677
0.6923857010056621	0.016413522782949535
0.6966473904697517	0.020088192062714356
0.6954642585505427	0.021803037726604607
0.6980478323333051	0.023272905438510533
0.69774601296616	0.020088192062714356
0.697311393077471	0.020578147966683
0.6942690538566478	0.019598236158745713
0.696321425553235	0.019598236158745713
0.6964180077507214	0.017883390494855465
0.6958385145658027	0.018863302302792748
0.6972148108799845	0.021558059774620286
0.6927599570209221	0.019843214110730034
0.6956091318467723	0.01567858892699657
0.696067897284833	0.019598236158745713
0.696442153300093	0.02082312591866732
0.69774601296616	0.015433610975012248
0.6986997621663387	0.0171484566389025
0.6980478323333051	0.020088192062714356
0.6946312370972221	0.019598236158745713
0.6951986575074549	0.014453699167074964
0.6982530695029638	0.019598236158745713
0.6974441935990149	0.015433610975012248
0.6933756685298982	0.016168544830965213
0.6931342130361821	0.012738853503184714
0.695379749127742	0.016168544830965213
0.6951141480846543	0.019843214110730034
0.6942569810819621	0.01592356687898089
0.6935929784742427	0.020578147966683
0.6947398920693943	0.019598236158745713
0.6974804119230723	0.023517883390494855
0.6941241805604182	0.016903478686918178
0.6924460648790912	0.017638412542871143
0.695259021380884	0.016413522782949535
0.6967681182166098	0.01592356687898089
0.6939793072641885	0.017638412542871143
0.6946795281959652	0.0171484566389025
0.6926754475981215	0.01739343459088682
0.6959833878620323	0.017638412542871143
0.697806376839589	0.016413522782949535
0.6941724716591614	0.016413522782949535
0.6978788134877039	0.01935325820676139
0.6938102884185873	0.016658500734933857
0.6954763313252285	0.016658500734933857
0.6937982156439014	0.017638412542871143
0.6970578648090691	0.016903478686918178
0.6941000350110466	0.016903478686918178
0.6955246224239717	0.016658500734933857
0.695693641269573	0.01739343459088682
0.6935446873754995	0.01739343459088682
0.6964662988494645	0.017638412542871143
0.6957177868189446	0.021313081822635964
0.6951865847327692	0.019843214110730034
0.693267013557726	0.017883390494855465
0.6974804119230723	0.021068103870651642
0.6915406067776557	0.020088192062714356
0.6975287030218155	0.021803037726604607
0.6956694957202014	0.022048015678588925
0.6918062078207434	0.020578147966683
0.6921804638360034	0.020578147966683
0.695814369016431	0.018863302302792748
0.6927116659221789	0.019598236158745713
0.6897296905747848	0.021558059774620286
0.6913715879320544	0.018618324350808426
0.6933153046564692	0.019843214110730034
0.6916130434257706	0.01592356687898089
0.6921683910613177	0.018373346398824104
0.6923857010056621	0.02082312591866732
0.6922408277094324	0.018863302302792748
0.6940879622363608	0.019598236158745713
0.694075889461675	0.016658500734933857
0.6937982156439014	0.016413522782949535
0.6885827769796332	0.017638412542871143
0.6913595151573686	0.016413522782949535
0.6926271564993782	0.016658500734933857
0.6922408277094324	0.019843214110730034
0.6925426470765776	0.018373346398824104
0.6883051031618597	0.016903478686918178
0.6890536151923796	0.017638412542871143
0.6926875203728072	0.016168544830965213
0.691649261749828	0.018863302302792748
0.6922046093853751	0.016903478686918178
0.691830353370115	0.013473787359137677
0.6907196580990209	0.018863302302792748
0.6908041675218215	0.016413522782949535
0.6918665716941724	0.018618324350808426
0.6913232968333112	0.01567858892699657
0.6879187743719138	0.018373346398824104
0.6898504183216428	0.01935325820676139
0.6902971109850177	0.01739343459088682
0.691275005734568	0.017883390494855465
0.6920597360891454	0.021803037726604607
0.6921080271878886	0.020088192062714356
0.6928565392184086	0.022292993630573247
0.6921080271878886	0.018373346398824104
0.6925305743018918	0.019598236158745713
0.6911663507623957	0.017638412542871143
0.692144245511946	0.01224889759921607
0.6942328355325904	0.017883390494855465
0.6916009706510847	0.016658500734933857
0.691395733481426	0.016168544830965213
0.6906351486762202	0.018373346398824104
0.6906472214509061	0.016903478686918178
0.6944380727022491	0.019843214110730034
0.6893795801088964	0.016413522782949535
0.692458137653777	0.01567858892699657
0.6919390083422873	0.012738853503184714
0.6915164612282841	0.016168544830965213
0.693013485289324	0.01224889759921607
0.6935567601501853	0.016658500734933857
0.6893795801088964	0.01910828025477707
0.6898504183216428	0.0171484566389025
0.6869046612983062	0.01739343459088682
0.6906713670002776	0.018618324350808426
0.6927478842462363	0.016658500734933857
0.6916975528485712	0.017883390494855465
0.6898745638710144	0.021803037726604607
0.6895848172785551	0.018863302302792748
0.6898866366457003	0.017883390494855465
0.6927961753449795	0.020578147966683
0.6935205418261279	0.018373346398824104
0.6902488198862745	0.01739343459088682
0.6904057659571899	0.016658500734933857
0.6919269355676015	0.01739343459088682
0.6901884560128454	0.01935325820676139
0.6946070915478505	0.018128368446839783
0.6917458439473144	0.017883390494855465
0.6898141999975854	0.019843214110730034
0.68928299791141	0.0171484566389025
0.6897055450254131	0.016658500734933857
0.6890173968683222	0.016658500734933857
0.6902367471115887	0.01739343459088682
0.6928565392184086	0.0171484566389025
0.687230626214823	0.018618324350808426
0.6934722507273847	0.01567858892699657
0.6919993722157164	0.01739343459088682
0.6917820622713718	0.018863302302792748
0.6958385145658027	0.018863302302792748
0.6892950706860957	0.01567858892699657
0.690526493704048	0.016658500734933857
0.689717617800099	0.01739343459088682
0.6901884560128454	0.01592356687898089
0.6893554345595249	0.018618324350808426
0.689596890053241	0.016658500734933857
0.6915406067776557	0.01567858892699657
0.6847315618548611	0.016658500734933857
0.689403725658268	0.016658500734933857
0.6889449602202075	0.01739343459088682
0.691081841339595	0.01567858892699657
0.6913112240586254	0.01567858892699657
0.6908766041699363	0.01567858892699657
0.68965725392667	0.016413522782949535
0.6900194371672441	0.016903478686918178
0.6922891188081757	0.016903478686918178
0.6877135372022551	0.016903478686918178
0.6902488198862745	0.018863302302792748
0.6882326665137448	0.01567858892699657
0.6898262727722713	0.01567858892699657
0.6923857010056621	0.014453699167074964
0.6868201518755056	0.018618324350808426
0.6887880141492919	0.018373346398824104
0.6942449083072763	0.01567858892699657
0.6888242324733493	0.018618324350808426
0.6928806847677802	0.018618324350808426
0.6907558764230783	0.016903478686918178
0.6892226340379809	0.014208721215090642
0.6939189433907595	0.016413522782949535
0.6886552136277481	0.020088192062714356
0.6887155775011771	0.016168544830965213
0.6881843754150017	0.016413522782949535
0.6906713670002776	0.01567858892699657
0.690466129830619	0.018128368446839783
0.6862406586905868	0.016413522782949535
0.6874479361591674	0.019598236158745713
0.6921321727372602	0.017638412542871143
0.687604882230083	0.017638412542871143
0.6893554345595249	0.016658500734933857
0.6899470005191293	0.017638412542871143
0.6882205937390591	0.016413522782949535
0.6895727445038693	0.016413522782949535
0.6893071434607816	0.016413522782949535
0.6850213084473205	0.014453699167074964
0.689089833516437	0.018618324350808426
0.6889328874455216	0.018863302302792748
0.6875445183566539	0.01910828025477707
0.6878704832731707	0.01567858892699657
0.6877980466250558	0.018618324350808426
0.6876773188781978	0.018863302302792748
0.6879429199212855	0.01592356687898089
0.6897296905747848	0.014698677119059285
0.6877135372022551	0.01592356687898089
0.687351353961681	0.014943655071043607
0.6886431408530622	0.016658500734933857
0.68741171783511	0.01592356687898089
0.684055486472456	0.014698677119059285
0.6904178387318758	0.016658500734933857
0.7695522316159645	0.03748162665360118
0.7550675471743671	0.022048015678588925
0.7550675471743671	0.022048015678588925
0.7550675471743671	0.022048015678588925
0.7550675471743671	0.022048015678588925
0.7550675471743671	0.022048015678588925
0.7550675471743671	0.022048015678588925
0.7550675471743671	0.022048015678588925
0.7550675471743671	0.022048015678588925
0.7550675471743671	0.022048015678588925
0.0	0.0
0.3839567372690401	0.010534051935325821
0.8282510778717151	0.023027927486526212
0.7550675471743671	0.022048015678588925
0.7550675471743671	0.022048015678588925
0.0	0.0
0.3839567372690401	0.010534051935325821
0.7550675471743671	0.022048015678588925
0.0	0.0
0.3839567372690401	0.010534051935325821
0.7015972280909322	0.030622243998040175
0.7015972280909322	0.030622243998040175
0.0	0.0
0.7015972280909322	0.030622243998040175
0.7015972280909322	0.030622243998040175
0.7015972280909322	0.030622243998040175
0.7015972280909322	0.030622243998040175
0.3542586750788643	0.011268985791278784
0.3542586750788643	0.011268985791278784
0.7695522316159645	0.03748162665360118
0.7015972280909322	0.030622243998040175
0.7015972280909322	0.030622243998040175
0.0	0.0
0.3542586750788643	0.011268985791278784
0.7015972280909322	0.030622243998040175
0.7015972280909322	0.030622243998040175
0.0	0.0
0.0	0.0
0.3542586750788643	0.011268985791278784
0.7695522316159645	0.03748162665360118
0.7015972280909322	0.030622243998040175
0.7015972280909322	0.030622243998040175
0.0	0.0
0.7015972280909322	0.030622243998040175
0.0	0.0
0.3542586750788643	0.011268985791278784
0.7695522316159645	0.03748162665360118
0.701669664739047	0.030622243998040175
0.701669664739047	0.030622243998040175
0.701669664739047	0.030622243998040175
0.7016624612152749	0.030622243998040175
0.7016624612152749	0.030622243998040175
0.7016624612152749	0.030622243998040175
0.7015972280909322	0.030622243998040175
0.7015972280909322	0.030622243998040175
