0.751058836544084
0.7551321965327054
0.7544882026644752
0.7558868151144966
0.7581309164467342
0.760292049243801
0.7609597484077943
0.7627574000031607
0.763006305608673
0.7633895412235093
0.7645866586595446
0.7635949871201226
0.7632907691578299
0.7634092956366452
0.7628561720688402
0.7627257929421433
0.7626862841158715
0.7630932250264709
0.7622635396747633
0.7616155949239061
0.7624294767451049
0.7614891666798362
0.7634290500497811
0.7628838282472304
0.7604421827836338
0.7610308642950835
0.7612876716658501
0.760667383093383
0.7612086540133065
0.7622714414400177
0.7608530745768605
0.7604777407272785
0.7603631651310903
0.762299097618408
0.760619972501857
0.761240261074324
0.7615365772713625
0.7607503516285539
0.7601182104082052
0.7597705327370134
0.7595295288967555
0.7606041689713482
0.75953743066201
0.7590870300425114
0.7592727215259889
0.7586840400145393
0.7634211482845268
0.760311803656937
0.7607266463327907
0.7611493907738989
0.7598297959764211
0.7600075856946442
0.7635633800591052
0.7612323593090696
0.7593003777043792
0.7587472541365741
0.7595729886056545
0.7606081198539754
0.7581980814513962
0.7599917821641354
0.7605528074971949
0.7573644452170615
0.7604698389620241
0.7601379648213411
0.760292049243801
0.7578741090759675
0.7579136179022393
0.7606041689713482
0.7558868151144966
0.7583956255827552
0.7575777928789291
0.7590475212162398
0.7601656209997314
0.7637727768383457
0.7618565987641639
0.7532713308153042
0.7595334797793827
0.7570839325505319
0.7578148458365599
0.7568745357712913
0.758656383836149
0.7603908213094805
0.7601063577603236
0.7594189041831945
0.7558868151144966
0.7567244022314585
0.7618170899378921
0.7529434075572483
0.7583008043997029
0.7663013417197402
0.7540733599886215
0.7553732003729633
0.7576489087662184
0.7638715489040252
0.7590712265120028
0.7542985602983707
0.750948211830523
0.7578029931886784
0.7571866554988385
0.7495140414368571
0.766297390837113
0.7663013417197402
0.7663013417197402
