0.8744251465777455
0.9014649872781579
0.9224204687327149
0.9350000790176526
0.9437907928631256
0.950799658643741
0.9526012611217346
0.9529844967365709
0.9520639410844383
0.9546952289141394
0.9568761161243422
0.9559950692984813
0.9569709373073945
0.9586777186023357
0.9552325489514357
0.9570539058425652
0.957334418509095
0.9568484599459519
0.95819571092182
0.9587646380201337
0.9588752627336947
0.9583023847527538
0.9584722727057224
0.9584564691752138
0.958330040931144
0.9592743018790397
0.9603133840099878
0.9591755298133603
0.959720751615911
0.960360794601514
0.9594086318883639
0.9582865812222451
0.9607242758032144
0.9522022219763895
0.9581048406213948
0.3971664269797873
0.6634835722300362
0.918844919955118
0.8867123915482719
0.9172961739652639
0.1960269924301089
0.34350158825481614
0.8287371398770486
0.0035439417165794573
0.002658944008091413
0.0038481596788723094
0.06302843055138518
0.014163914218436435
0.03769142026328687
0.1747317350696146
0.049595429618976894
0.004085212636502966
0.0014894827504464692
0.006029046889075018
0.0020030974919796884
0.006258198081451449
0.0028920460830950123
0.0028485863741960493
0.0007783238775542767
0.0032397237542867163
0.011595840510770117
0.008186228803514717
0.24969973292033443
0.1352229087978254
0.0011576086097634386
0.0015250406940910954
0.004345970889896855
0.0017857989474848734
0.008423281761145485
0.003788896439464562
0.010619972501856867
0.0026866001864817024
0.007826698484441397
0.0032002149280149217
3.1607061017457916e-05
0.0
0.0
0.0
0.03574363512808765
0.013571281824359516
0.03430551385179448
0.09006827125179762
0.9607242758032144
0.9607242758032144
0.9607242758032144
0.9607242758032144
0.9607242758032144
0.9607242758032144
0.9607242758032144
0.9607242758032144
0.9607242758032144
0.9607163740379601
0.9607242758032144
0.9607242758032144
0.9607242758032144
0.9607242758032144
0.9607242758032144
0.9607242758032144
